score	label
-1	1
-1	1
-1	1
-0.9468	1
-1	1
-1	1
-1	1
-1	1
-1	1
-0.5503	1
-1	1
-1	1
-1	1
-1	1
-1	1
-1	1
-1	1
-1	1
-0.7668	1
-1	1
-0.4136	1
-0.8483	1
-0.4621	1
-0.2913	1
-0.664	1
1	1
-1	1
-1	1
0.4219	1
-1	1
-0.8617	1
-0.3799	1
-1	1
-1	1
-1	1
-0.2153	1
-0.5503	1
-1	1
-1	1
0.4522	1
-1	1
-1	1
-0.1974	1
-1	1
-1	1
-1	1
-0.1974	1
-0.112	1
-1	1
-0.4621	1
-0.1489	1
0.1651	1
-1	1
1	1
0	1
1	1
1	1
-1	1
-1	1
-1	1
-1	1
-0.6351	1
-1	1
-0.7668	1
-1	1
-0.2913	1
-0.3746	1
-1	1
-1	1
-1	1
-0.7668	1
-1	1
0.4136	1
-1	1
-0.3799	1
-0.9081	1
-1	1
-1	1
-0.4355	1
-0.9468	1
-0.7243	1
0	1
-1	1
-0.2449	1
-0.6351	1
0.9074	1
-0.5459	1
-1	1
-0.4621	1
-0.8854	1
-0.6351	1
-1	1
1	1
0.3027	1
-0.4621	1
-1	1
0.6351	1
-0.9919	1
-1	1
0.3799	1
1	1
0.3746	1
-0.8483	1
0	1
1	1
-1	1
-1	1
-1	1
-0.3027	1
-1	1
0	1
-0.9992	1
-1	1
-0.4355	1
-0.9919	1
-0.1651	1
-0.1974	1
0.4522	1
-0.6351	1
-1	1
0.7668	1
-1	1
-0.112	1
-1	1
-1	1
0.7818	1
-0.8483	1
-1	1
-1	1
-1	1
-1	1
-1	1
-0.8483	1
-0.2636	1
-0.3027	1
1	1
-0.1489	1
0.2153	1
-0.3364	1
-0.6469	1
-0.3364	1
-0.8483	1
-1	1
-0.2449	1
-1	1
-1	1
-1	1
-1	1
-1	1
-1	1
0.1974	1
0.537	1
-0.9973	1
-0.7668	1
-0.7668	1
-0.7818	1
-0.5459	1
-0.7818	1
-0.1974	1
-1	1
-0.5964	1
-0.3342	1
-0.8854	1
0.5503	1
-1	1
-0.9468	1
0.3364	1
-1	1
-0.537	1
0.664	1
-1	1
-0.3364	1
-0.3027	1
-0.8483	1
-1	1
-0.112	1
-0.3364	1
-0.7818	1
-0.3364	1
0.537	1
0.1651	1
-0.7243	1
-1	1
-0.3103	1
0	1
-1	1
-0.4621	1
0.664	1
-0.1974	1
-0.3103	1
-0.493	1
1	1
0	1
0	1
0.3027	1
0.2449	1
1	1
-1	1
-1	1
1	0
0.7818	0
1	0
1	0
1	0
-1	0
0.8854	0
1	0
0.5459	0
0.2449	0
-1	0
1	0
0.4219	0
-0.8617	0
1	0
-1	0
0.8854	0
0.4355	0
0.4136	0
0.978	0
1	0
0.4219	0
-1	0
0.6351	0
-0.4136	0
0.978	0
-1	0
0.6351	0
0.4219	0
-0.537	0
1	0
0.3364	0
0.4136	0
0.9074	0
0.9712	0
1	0
1	0
1	0
1	0
-0.5459	0
-0.2636	0
-1	0
0.2153	0
-1	0
0.7818	0
0.2913	0
0.2153	0
0.8854	0
0.7818	0
0.3364	0
0	0
-0.2153	0
1	0
0.2449	0
-0.2153	0
0.3552	0
0.7668	0
0.9468	0
1	0
1	0
0.2913	0
-1	0
1	0
-1	0
-1	0
1	0
-1	0
0.6351	0
-0.4219	0
1	0
1	0
-1	0
0.112	0
0.1974	0
0.3027	0
-1	0
1	0
-0.2153	0
0.5459	0
0.112	0
1	0
1	0
-1	0
0.2913	0
1	0
-0.1974	0
-0.9973	0
1	0
0.3027	0
-1	0
0.664	0
-1	0
-0.7668	0
0.3364	0
-1	0
0.978	0
1	0
0	0
-0.1974	0
1	0
0	0
0.5459	0
-1	0
0.2913	0
0.978	0
1	0
-0.4219	0
0.1974	0
0	0
0.3027	0
-0.978	0
-0.1651	0
1	0
0.4219	0
1	0
0.9712	0
1	0
1	0
-0.1974	0
1	0
0.4219	0
-1	0
-0.6351	0
0.4621	0
-0.3103	0
-1	0
0.664	0
0.2913	0
-1	0
0.4219	0
-1	0
1	0
-1	0
0.3027	0
-1	0
0.3746	0
0	0
0.2153	0
0.9468	0
0.2913	0
