score	label
0.3096	1
0.4083	1
0.3546	1
0.3902	1
0.4182	1
0.5507	1
0.5371	1
0.4034	1
0.3115	1
0.4138	1
0.7946	1
0.6302	1
0.5907	1
0.6130	1
0.4242	1
0.7783	1
0.6754	1
0.6375	1
0.4653	1
0.5453	1
0.5707	1
0.5675	1
0.3493	1
0.3856	1
0.5868	1
0.4877	1
0.4047	1
0.4962	1
0.6206	1
0.3147	1
0.3702	1
1.0339	1
0.5049	1
0.4235	1
0.1568	1
0.6009	1
0.3922	1
0.3668	1
0.5258	1
0.1935	1
0.3382	1
0.3232	1
0.3380	1
0.1872	1
0.3928	1
0.2991	1
0.3884	1
0.3474	1
0.2297	1
0.9219	1
0.6380	1
0.3901	1
0.2070	1
0.7496	1
0.2069	1
0.8051	1
0.8850	1
0.2663	1
0.3034	1
0.3404	1
0.4680	1
0.3832	1
0.3459	1
0.2977	1
0.4256	1
0.4674	1
0.3608	1
0.3630	1
0.4772	1
0.2974	1
0.8450	1
0.9642	1
0.4898	1
0.9918	1
0.3565	1
0.5652	1
0.4675	1
0.7184	1
0.8459	1
0.3023	1
0.2448	1
0.3547	1
0.3266	1
0.4097	1
0.2469	1
0.5306	1
0.2981	1
0.5096	1
0.4564	1
0.2046	1
0.6640	1
0.8911	1
0.3426	1
0.4553	1
0.6505	1
0.3457	1
0.3364	1
0.4093	1
0.1939	1
0.6856	1
0.5613	1
0.1883	1
0.1752	1
0.6432	1
0.4643	1
0.9517	1
0.3481	1
0.2630	1
0.9434	1
0.5208	1
0.1661	1
0.3845	1
0.3189	1
0.3380	1
0.4511	1
0.3326	1
0.6122	1
0.3951	1
0.3263	1
0.3592	1
0.5953	1
0.4209	1
0.4210	1
0.2063	1
0.2614	1
-0.1928	0
-0.2660	0
-0.5416	0
0.2573	0
-0.4636	0
-0.3402	0
-0.5347	0
-0.4796	0
-0.4699	0
-0.5552	0
-0.8713	0
-0.4012	0
-0.4230	0
-0.6020	0
-0.4340	0
-0.7034	0
-0.4254	0
0.2772	0
0.2573	0
-0.3538	0
-0.6450	0
0.5054	0
0.1575	0
-0.2155	0
0.2541	0
-0.1060	0
-0.6975	0
-0.5539	0
-0.3310	0
-0.7266	0
-0.4480	0
0.1965	0
0.2765	0
0.1024	0
-0.4845	0
0.3950	0
0.6013	0
-0.5999	0
-0.6648	0
-0.7272	0
-0.7739	0
-0.6881	0
0.1306	0
-0.4956	0
-0.6060	0
-0.1431	0
-0.2947	0
-0.4607	0
-0.0730	0
-0.2381	0
-0.2324	0
-0.3582	0
-0.6541	0
-0.5935	0
-0.4575	0
-0.5427	0
-0.7098	0
-0.7862	0
-0.6426	0
-0.3920	0
-0.7371	0
-0.4719	0
-0.5809	0
-0.7699	0
-0.8175	0
-0.6115	0
-0.5403	0
-0.3592	0
-0.2172	0
-0.7810	0
-0.4340	0
-0.3242	0
-0.6996	0
-0.3231	0
-0.3709	0
-0.5489	0
-0.5691	0
-0.7329	0
-0.7094	0
-0.6577	0
-0.7148	0
-0.2142	0
-0.3373	0
-0.1579	0
-0.5040	0
-0.4357	0
-0.8312	0
-0.7066	0
0.2121	0
0.4276	0
0.1651	0
-0.1820	0
-0.6218	0
0.1800	0
-0.1999	0
-0.1964	0
-0.2565	0
-0.4612	0
-0.4932	0
-0.2995	0
-0.5207	0
-0.6588	0
-0.8221	0
-0.9965	0
-0.7965	0
-0.7232	0
-0.5890	0
-0.5795	0
-0.8933	0
-0.6777	0
-0.7712	0
-0.2166	0
0.3354	0
0.4727	0
-0.5608	0
0.0767	0
-0.1131	0
-0.4126	0
-0.5112	0
-0.3786	0
-0.3079	0
-0.6885	0
-0.4921	0
-0.7581	0
0.2042	0
-0.5780	0
-0.8275	0
-0.7835	0
-0.8515	0
-0.5721	0
-0.8306	0
-0.2633	0
0.3875	0
-0.2246	0
0.2630	0
-0.3957	0
-0.2182	0
-0.3368	0
0.2304	0
-0.1496	0
-0.1963	0
-0.7852	0
-0.6350	0
-0.1999	0
-0.2191	0
-0.6478	0
-0.2676	0
